x y z
-3 -3 0.0171520776274912
-2.85 -3 0.015893791903998
-2.7 -3 0.0145264308173015
-2.55 -3 0.0130488264090738
-2.4 -3 0.011459933896812
-2.25 -3 0.00975883729727001
-2.1 -3 0.00794475472840561
-1.95 -3 0.00601704335002873
-1.8 -3 0.00397520390454198
-1.65 -3 0.00181888482080383
-1.5 -3 -0.000452114153775107
-1.35 -3 -0.00283783882531641
-1.2 -3 -0.00533817795925273
-1.05 -3 -0.00795286124603867
-0.9 -3 -0.0106814578494069
-0.75 -3 -0.0135233755558296
-0.6 -3 -0.0164778605396243
-0.45 -3 -0.0195439977536783
-0.3 -3 -0.0227207119511417
-0.15 -3 -0.0260067693386632
0 -3 -0.0294007798569293
0.15 -3 -0.030852977580289
0.3 -3 -0.0323364809512057
0.45 -3 -0.0338510706362946
0.6 -3 -0.035396514463513
0.75 -3 -0.0369725675983489
0.9 -3 -0.0385789727344108
1.05 -3 -0.0402154602980829
1.2 -3 -0.0418817486668678
1.35 -3 -0.0435775444010187
1.5 -3 -0.0453025424880291
1.65 -3 -0.0470564265995214
1.8 -3 -0.0488388693600528
1.95 -3 -0.0506495326273312
2.1 -3 -0.0524880677833115
2.25 -3 -0.0543541160356223
2.4 -3 -0.0562473087287533
2.55 -3 -0.0581672676644197
2.7 -3 -0.0601136054305027
2.85 -3 -0.0620859257379502
3 -3 -0.0640838237650146
-3 -2.85 0.0166866432357056
-2.85 -2.85 0.0155820256247171
-2.7 -2.85 0.0143692441774665
-2.55 -2.85 0.0130470730909376
-2.4 -2.85 0.0116144076659634
-2.25 -2.85 0.0100702700184248
-2.1 -2.85 0.00841381447863354
-1.95 -2.85 0.00664433263887776
-1.8 -2.85 0.00476125801023208
-1.65 -2.85 0.00276417025131004
-1.5 -2.85 0.000652798933617804
-1.35 -2.85 -0.00157297318940874
-1.2 -2.85 -0.00391310743978557
-1.05 -2.85 -0.00636740702567906
-0.9 -2.85 -0.00893551542874915
-0.75 -2.85 -0.0116169153875801
-0.6 -2.85 -0.0144109284924654
-0.45 -2.85 -0.0173167154024051
-0.3 -2.85 -0.0203332766905723
-0.15 -2.85 -0.0234594543197758
0 -2.85 -0.0266939337446357
0.15 -2.85 -0.0280798064937987
0.3 -2.85 -0.029497119587737
0.45 -2.85 -0.0309456628404091
0.6 -2.85 -0.0324252131620573
0.75 -2.85 -0.03393553472916
0.9 -2.85 -0.035476379168878
1.05 -2.85 -0.037047485757665
1.2 -2.85 -0.0386485816336782
1.35 -2.85 -0.0402793820225961
1.5 -2.85 -0.0419395904764237
1.65 -2.85 -0.0436288991248324
1.8 -2.85 -0.0453469889385641
1.95 -2.85 -0.0470935300043979
2.1 -2.85 -0.0488681818111555
2.25 -2.85 -0.0506705935462085
2.4 -2.85 -0.0525004044019183
2.55 -2.85 -0.054357243891434
2.7 -2.85 -0.0562407321732522
2.85 -2.85 -0.058150480383929
3 -2.85 -0.0600860909783243
-3 -2.7 0.0160795084856278
-2.85 -2.7 0.0151299684586519
-2.7 -2.7 0.0140732038123919
-2.55 -2.7 0.0129079306808613
-2.4 -2.7 0.0116329841907391
-2.25 -2.7 0.0102473242599318
-2.1 -2.7 0.00875004109412925
-1.95 -2.7 0.00714036034111687
-1.8 -2.7 0.00541764786368071
-1.65 -2.7 0.00358141409341373
-1.5 -2.7 0.00163131792965465
-1.35 -2.7 -0.000432829849873473
-1.2 -2.7 -0.00261106369741526
-1.05 -2.7 -0.00490326095007132
-0.9 -2.7 -0.00730914005528294
-0.75 -2.7 -0.00982825938712617
-0.6 -2.7 -0.0124600166695271
-0.45 -2.7 -0.0152036490181318
-0.3 -2.7 -0.0180582336080132
-0.15 -2.7 -0.0210226889696887
0 -2.7 -0.0240957769111435
0.15 -2.7 -0.0254145434039903
0.3 -2.7 -0.0267648800092757
0.45 -2.7 -0.0281465857996777
0.6 -2.7 -0.0295594468810467
0.75 -2.7 -0.0310032365560406
0.9 -2.7 -0.0324777155023437
1.05 -2.7 -0.0339826319651489
1.2 -2.7 -0.0355177219635489
1.35 -2.7 -0.0370827095104509
1.5 -2.7 -0.0386773068456078
1.65 -2.7 -0.0403012146813191
1.8 -2.7 -0.0419541224603399
1.95 -2.7 -0.0436357086255039
2.1 -2.7 -0.0453456409005478
2.25 -2.7 -0.0470835765815999
2.4 -2.7 -0.0488491628387797
2.55 -2.7 -0.0506420370273335
2.7 -2.7 -0.0524618270077162
2.85 -2.7 -0.0543081514740195
3 -2.7 -0.0561806202901282
-3 -2.55 0.0153278112934878
-2.85 -2.55 0.0145346873933898
-2.7 -2.55 0.0136353057930481
-2.55 -2.55 0.0126283243789148
-2.4 -2.55 0.0115125178802197
-2.25 -2.55 0.0102867837544272
-2.1 -2.55 0.00895014778062353
-1.95 -2.55 0.00750176932040147
-1.8 -2.55 0.00594094620679875
-1.65 -2.55 0.00426711922325151
-1.5 -2.55 0.00247987613635958
-1.35 -2.55 0.000578955248522028
-1.2 -2.55 -0.00143575156083087
-1.05 -2.55 -0.00356419633361238
-0.9 -2.55 -0.00580617309583698
-0.75 -2.55 -0.0081613165057669
-0.6 -2.55 -0.010629101104387
-0.45 -2.55 -0.013208841180837
-0.3 -2.55 -0.015899691260904
-0.15 -2.55 -0.0187006472220098
0 -2.55 -0.0216105480333678
0.15 -2.55 -0.0228614537295651
0.3 -2.55 -0.02414405417611
0.45 -2.55 -0.0254581578121695
0.6 -2.55 -0.0268035600490052
0.75 -2.55 -0.0281800434272116
0.9 -2.55 -0.0295873777886297
1.05 -2.55 -0.0310253204626161
1.2 -2.55 -0.0324936164663289
1.35 -2.55 -0.0339919987186564
1.5 -2.55 -0.0355201882673829
1.65 -2.55 -0.0370778945291632
1.8 -2.55 -0.0386648155418441
1.95 -2.55 -0.0402806382286537
2.1 -2.55 -0.0419250386737503
2.25 -2.55 -0.0435976824086006
2.4 -2.55 -0.0452982247086426
2.55 -2.55 -0.0470263108996644
2.7 -2.55 -0.0487815766733147
2.85 -2.55 -0.0505636484111502
3 -2.55 -0.0523721435166079
-3 -2.4 0.0144288785939057
-2.85 -2.4 0.0137934343997959
-2.7 -2.4 0.0130527270897697
-2.55 -2.4 0.0122053561529363
-2.4 -2.4 0.0112500357331721
-2.25 -2.4 0.0101856006009393
-2.1 -2.4 0.00901101184309439
-1.95 -2.4 0.00772536223006692
-1.8 -2.4 0.00632788122069894
-1.65 -2.4 0.00481793956635268
-1.5 -2.4 0.00319505347766258
-1.35 -2.4 0.00145888831947572
-1.2 -2.4 -0.000390738197866503
-1.05 -2.4 -0.00235385335977145
-0.9 -2.4 -0.00443032734665327
-0.75 -2.4 -0.00661987171300249
-0.6 -2.4 -0.00892203846404638
-0.45 -2.4 -0.0113362197435191
-0.3 -2.4 -0.0138616481415735
-0.15 -2.4 -0.0164973976272386
0 -2.4 -0.0192423851050779
0.15 -2.4 -0.0204247041701535
0.3 -2.4 -0.0216388372979267
0.45 -2.4 -0.0228846023979398
0.6 -2.4 -0.0241618042928698
0.75 -2.4 -0.0254702348692991
0.9 -2.4 -0.026809673243238
1.05 -2.4 -0.0281798859401045
1.2 -2.4 -0.0295806270888227
1.35 -2.4 -0.0310116386296785
1.5 -2.4 -0.0324726505355371
1.65 -2.4 -0.0339633810460004
1.8 -2.4 -0.0354835369140548
1.95 -2.4 -0.0370328136647353
2.1 -2.4 -0.0386108958653062
2.25 -2.4 -0.0402174574064393
2.4 -2.4 -0.0418521617938449
2.55 -2.4 -0.0435146624498007
2.7 -2.4 -0.0452046030239976
2.85 -2.4 -0.0469216177131108
3 -2.4 -0.0486653315884933
-3 -2.25 0.0133802418644723
-2.85 -2.25 0.0129036620617776
-2.7 -2.25 0.0123228413055998
-2.55 -2.25 0.0116363205737722
-2.4 -2.25 0.0108427532734305
-2.25 -2.25 0.00994091129858699
-2.1 -2.25 0.00892969081587758
-1.95 -2.25 0.00780811773768253
-1.8 -2.25 0.00657535284265087
-1.65 -2.25 0.00523069650489005
-1.5 -2.25 0.00377359299477387
-1.35 -2.25 0.00220363431641213
-1.2 -2.25 0.000520563549352371
-1.05 -2.25 -0.00127572233499995
-0.9 -2.25 -0.00318517020846332
-0.75 -2.25 -0.00520756909523845
-0.6 -2.25 -0.00734254907377152
-0.45 -2.25 -0.00958958078572869
-0.3 -2.25 -0.0119479755620577
-0.15 -2.25 -0.0144168861715018
0 -2.25 -0.0169953081922219
0.15 -2.25 -0.0181083454361788
0.3 -2.25 -0.0192533105390151
0.45 -2.25 -0.0204300309803797
0.6 -2.25 -0.0216383210963006
0.75 -2.25 -0.0228779822234104
0.9 -2.25 -0.0241488028580065
1.05 -2.25 -0.0254505588296614
1.2 -2.25 -0.0267830134890538
1.35 -2.25 -0.0281459179096695
1.5 -2.25 -0.0295390111029864
1.65 -2.25 -0.0309620202467299
1.8 -2.25 -0.032414660925759
1.95 -2.25 -0.0338966373851174
2.1 -2.25 -0.0354076427947566
2.25 -2.25 -0.0369473595254218
2.4 -2.25 -0.038515459435162
2.55 -2.25 -0.0401116041659145
2.7 -2.25 -0.0417354454495926
2.85 -2.25 -0.0433866254230882
3 -2.25 -0.0450647769515933
-3 -2.1 0.0121796522019616
-2.85 -2.1 0.0118630387817101
-2.7 -2.1 0.0114432340095187
-2.55 -2.1 0.0109187202748191
-2.4 -2.1 0.0102880901341749
-2.25 -2.1 0.00955005245393392
-2.1 -2.1 0.00870343829135845
-1.95 -2.1 0.0077472064732601
-1.8 -2.1 0.00668044883190877
-1.65 -2.1 0.00550239505914785
-1.5 -2.1 0.00421241714123977
-1.35 -2.1 0.00281003333899843
-1.2 -2.1 0.0012949116801908
-1.05 -2.1 -0.000333127065950123
-0.9 -2.1 -0.00207410695904342
-0.75 -2.1 -0.00392789502607338
-0.6 -2.1 -0.00589419998756713
-0.45 -2.1 -0.00797257158674336
-0.3 -2.1 -0.0101624005325432
-0.15 -2.1 -0.0124629190628875
0 -2.1 -0.014873202129813
0.15 -2.1 -0.0159162949094358
0.3 -2.1 -0.0169914236433475
0.45 -2.1 -0.0180984254766118
0.6 -2.1 -0.0192371243562007
0.75 -2.1 -0.0204073311686029
0.9 -2.1 -0.0216088438923506
1.05 -2.1 -0.0228414477651824
1.2 -2.1 -0.0241049154655326
1.35 -2.1 -0.0253990073079954
1.5 -2.1 -0.026723471452397
1.65 -2.1 -0.0280780441260653
1.8 -2.1 -0.0294624498588705
1.95 -2.1 -0.0308764017305746
2.1 -2.1 -0.0323196016300116
2.25 -2.1 -0.0337917405255899
2.4 -2.1 -0.0352924987465923
2.55 -2.1 -0.0368215462747262
2.7 -2.1 -0.0383785430453594
2.85 -2.1 -0.0399631392578642
3 -2.1 -0.0415749756944717
-3 -1.95 0.0108250948139245
-2.85 -1.95 0.0106694634254003
-2.7 -1.95 0.0104117175335846
-2.55 -1.95 0.010050280900056
-2.4 -1.95 0.00958368515547681
-2.25 -1.95 0.00901057602657973
-2.1 -1.95 0.00832971931205095
-1.95 -1.95 0.00754000656616993
-1.8 -1.95 0.00664046044972599
-1.65 -1.95 0.00563023970880938
-1.5 -1.95 0.00450864374359417
-1.35 -1.95 0.00327511673116632
-1.2 -1.95 0.00192925126881349
-1.05 -1.95 0.000470791506964829
-0.9 -1.95 -0.001100364255879
-0.75 -1.95 -0.00278416154037731
-0.6 -1.95 -0.00458038823605722
-0.45 -1.95 -0.00648867374970175
-0.3 -1.95 -0.00850848876427546
-0.15 -1.95 -0.0106391456157068
0 -1.95 -0.0128797992901906
0.15 -1.95 -0.0138523193639768
0.3 -1.95 -0.014856977608893
0.45 -1.95 -0.0158936209260431
0.6 -1.95 -0.016962082966329
0.75 -1.95 -0.0180621842613781
0.9 -1.95 -0.0191937323694644
1.05 -1.95 -0.0203565220361548
1.2 -1.95 -0.0215503353693771
1.35 -1.95 -0.0227749420285754
1.5 -1.95 -0.0240300994275877
1.65 -1.95 -0.0253155529508504
1.8 -1.95 -0.0266310361825085
1.95 -1.95 -0.0279762711479828
2.1 -1.95 -0.0293509685675182
2.25 -1.95 -0.0307548281212179
2.4 -1.95 -0.0321875387250433
2.55 -1.95 -0.0336487788172412
2.7 -1.95 -0.0351382166546388
2.85 -1.95 -0.0366555106182362
3 -1.95 -0.0382003095275041
-3 -1.8 0.00931480278844543
-2.85 -1.8 0.0093210792692523
-2.7 -1.8 0.00922634509654829
-2.55 -1.8 0.00902896540304743
-2.4 -1.8 0.00872741085753426
-2.25 -1.8 0.00832026397536845
-2.1 -1.8 0.00780622518841922
-1.95 -1.8 0.00718411863312185
-1.8 -1.8 0.00645289761593781
-1.65 -1.8 0.0056116497164922
-1.5 -1.8 0.00465960149009303
-1.35 -1.8 0.00359612273320098
-1.2 -1.8 0.00242073027769429
-1.05 -1.8 0.0011330912824703
-0.9 -1.8 -0.000266974005993736
-0.75 -1.8 -0.00177949004905698
-0.6 -1.8 -0.00340432438847194
-0.45 -1.8 -0.00514118661318541
-0.3 -1.8 -0.00698962793318392
-0.15 -1.8 -0.00894904136869001
0 -1.8 -0.0110186625583812
0.15 -1.8 -0.0119200178829031
0.3 -1.8 -0.0128536075466401
0.45 -1.8 -0.0138192882924209
0.6 -1.8 -0.014816903563202
0.75 -1.8 -0.0158462836262478
0.9 -1.8 -0.0169072457123808
1.05 -1.8 -0.0179995941700397
1.2 -1.8 -0.0191231206338585
1.35 -1.8 -0.0202776042074349
1.5 -1.8 -0.0214628116599396
1.65 -1.8 -0.0226784976361766
1.8 -1.8 -0.0239244048796842
1.95 -1.8 -0.0252002644684357
2.1 -1.8 -0.0265057960626744
2.25 -1.8 -0.0278407081643939
2.4 -1.8 -0.0292046983879518
2.55 -1.8 -0.0305974537412861
2.7 -1.8 -0.0320186509171813
2.85 -1.8 -0.03346795659402
3 -1.8 -0.0349450277454341
-3 -1.65 0.00764727000569487
-2.85 -1.65 0.00781628711289684
-2.7 -1.65 0.00788542411685023
-2.55 -1.65 0.00785298755949515
-2.4 -1.65 0.00771738715185222
-2.25 -1.65 0.00747714216716866
-2.1 -1.65 0.00713088760412073
-1.95 -1.65 0.00667738007862284
-1.8 -1.65 0.00611550340328482
-1.65 -1.65 0.0054442738144721
-1.5 -1.65 0.00466284480827472
-1.35 -1.65 0.00377051154846519
-1.2 -1.65 0.00276671481172652
-1.05 -1.65 0.00165104443804875
-0.9 -1.65 0.000423242257199141
-0.75 -1.65 -0.000916795534452897
-0.6 -1.65 -0.00236901656876776
-0.45 -1.65 -0.00393321109032752
-0.3 -1.65 -0.00560901134433833
-0.15 -1.65 -0.00739589157723419
0 -1.65 -0.00929316865466978
0.15 -1.65 -0.0101228051111635
0.3 -1.65 -0.010984765864402
0.45 -1.65 -0.0118789175794408
0.6 -1.65 -0.0128051135743042
0.75 -1.65 -0.0137631939373577
0.9 -1.65 -0.014752985659822
1.05 -1.65 -0.0157743027831806
1.2 -1.65 -0.0168269465611969
1.35 -1.65 -0.0179107056362291
1.5 -1.65 -0.0190253562294949
1.65 -1.65 -0.0201706623449135
1.8 -1.65 -0.0213463759861198
1.95 -1.65 -0.0225522373862193
2.1 -1.65 -0.0237879752498295
2.25 -1.65 -0.0250533070069223
2.4 -1.65 -0.0263479390779688
2.55 -1.65 -0.0276715671498589
2.7 -1.65 -0.0290238764620518
2.85 -1.65 -0.0304045421024005
3 -1.65 -0.0318132293120655
-3 -1.5 0.00582126305769493
-2.85 -1.5 0.00615375742306945
-2.7 -1.5 0.00638752858016933
-2.55 -1.5 0.0065208245578976
-2.4 -1.5 0.00655199415434837
-2.25 -1.5 0.00647949341163878
-2.1 -1.5 0.00630189187153052
-1.95 -1.5 0.00601787857024538
-1.8 -1.5 0.00562626773128716
-1.65 -1.5 0.00512600411591735
-1.5 -1.5 0.00451616799218857
-1.35 -1.5 0.003795979685142
-1.2 -1.5 0.00296480367288576
-1.05 -1.5 0.00202215219581492
-0.9 -1.5 0.000967688349163609
-0.75 -1.5 -0.000198771367610928
-0.6 -1.5 -0.00147725506747054
-0.45 -1.5 -0.00286763407737078
-0.3 -1.5 -0.00436962213946568
-0.15 -1.5 -0.00598277522222357
0 -1.5 -0.00770649194716277
0.15 -1.5 -0.00846389498724143
0.3 -1.5 -0.0092537059183907
0.45 -1.5 -0.0100758014029784
0.6 -1.5 -0.010930044711761
0.75 -1.5 -0.0118162858343929
0.9 -1.5 -0.0127343616051444
1.05 -1.5 -0.0136840958435952
1.2 -1.5 -0.0146652995100258
1.35 -1.5 -0.0156777708752092
1.5 -1.5 -0.016721295704263
1.65 -1.5 -0.0177956474542
1.8 -1.5 -0.0189005874847805
1.95 -1.5 -0.0200358652822468
2.1 -1.5 -0.0212012186954892
2.25 -1.5 -0.0223963741841744
2.4 -1.5 -0.0236210470783371
2.55 -1.5 -0.0248749418489207
2.7 -1.5 -0.0261577523887289
2.85 -1.5 -0.0274691623032333
3 -1.5 -0.0288088452106696
-3 -1.35 0.00383583204749616
-2.85 -1.35 0.00433244137903477
-2.7 -1.35 0.00473151033093044
-2.55 -1.35 0.00503122853686422
-2.4 -1.35 0.00522988396806634
-2.25 -1.35 0.00532586948881641
-2.1 -1.35 0.00531768920355891
-1.95 -1.35 0.00520396455389993
-1.8 -1.35 0.00498344012408036
-1.65 -1.35 0.00465498911426443
-1.5 -1.35 0.00421761844216495
-1.35 -1.35 0.00367047343512905
-1.2 -1.35 0.00301284207685371
-1.05 -1.35 0.00224415877535167
-0.9 -1.35 0.00136400762165068
-0.75 -1.35 0.000372125111943067
-0.6 -1.35 -0.000731597690515784
-0.45 -1.35 -0.00194711357356725
-0.3 -1.35 -0.00327421819001761
-0.15 -1.35 -0.00471254967848667
0 -1.35 -0.00626158889796491
0.15 -1.35 -0.00694628509757589
0.3 -1.35 -0.00766346627661607
0.45 -1.35 -0.00841301916421155
0.6 -1.35 -0.00919481705594261
0.75 -1.35 -0.010008719917435
0.9 -1.35 -0.0108545745032279
1.05 -1.35 -0.0117322144906917
1.2 -1.35 -0.0126414606287348
1.35 -1.35 -0.0135821209010065
1.5 -1.35 -0.0145539907032701
1.65 -1.35 -0.0155568530345923
1.8 -1.35 -0.0165904787019634
1.95 -1.35 -0.0176546265379359
2.1 -1.35 -0.0187490436308435
2.25 -1.35 -0.0198734655671337
2.4 -1.35 -0.0210276166853293
2.55 -1.35 -0.02221121034111
2.7 -1.35 -0.0234239491829807
2.85 -1.35 -0.0246655254379837
3 -1.35 -0.0259356212068864
-3 -1.2 0.00169032014575465
-2.85 -1.2 0.00235158069638275
-2.7 -1.2 0.00291650916344854
-2.55 -1.2 0.00338323694360632
-2.4 -1.2 0.00374999130889286
-2.25 -1.2 0.00401510204180999
-2.1 -1.2 0.00417700787293673
-1.95 -1.2 0.00423426267920413
-1.8 -1.2 0.00418554140122052
-1.65 -1.2 0.00402964563868591
-1.5 -1.2 0.00376550888403526
-1.35 -1.2 0.00339220135596729
-1.2 -1.2 0.00290893439647955
-1.05 -1.2 0.00231506439739626
-0.9 -1.2 0.00161009622516872
-0.75 -1.2 0.000793686115884817
-0.6 -1.2 -0.000134355984053869
-0.45 -1.2 -0.0011740646522983
-0.3 -1.2 -0.00232531781656042
-0.15 -1.2 -0.00358783618453018
0 -1.2 -0.00496118328545359
0.15 -1.2 -0.00557274179654432
0.3 -1.2 -0.00621685573727626
0.45 -1.2 -0.00689342196713361
0.6 -1.2 -0.00760232387282567
0.75 -1.2 -0.00834343146491157
0.9 -1.2 -0.00911660148976512
1.05 -1.2 -0.00992167755666318
1.2 -1.2 -0.0107584902797487
1.35 -1.2 -0.0116268574345844
1.5 -1.2 -0.0125265841289836
1.65 -1.2 -0.0134574629877733
1.8 -1.2 -0.0144192743511135
1.95 -1.2 -0.0154117864859702
2.1 -1.2 -0.0164347558103128
2.25 -1.2 -0.0174879271295795
2.4 -1.2 -0.0185710338849316
2.55 -1.2 -0.0196837984127962
2.7 -1.2 -0.0208259322151738
2.85 -1.2 -0.0219971362401716
3 -1.2 -0.0231971011722042
-3 -1.05 -0.00061562820850658
-2.85 -1.05 0.000210716114554588
-2.7 -1.05 0.000941961596642504
-2.55 -1.05 0.00157618159613793
-2.4 -1.05 0.00211154285541082
-2.25 -1.05 0.00254631221433621
-2.1 -1.05 0.00287886313733376
-1.95 -1.05 0.00310768201194112
-1.8 -1.05 0.00323137417710717
-1.65 -1.05 0.00324866963995585
-1.5 -1.05 0.00315842844078085
-1.35 -1.05 0.00295964562747419
-1.2 -1.05 0.00265145580245574
-1.05 -1.05 0.00223313720747431
-0.9 -1.05 0.00170411531435122
-0.75 -1.05 0.00106396589283031
-0.6 -1.05 0.000312417530154541
-0.45 -1.05 -0.000550646419245071
-0.3 -1.05 -0.00152518647149535
-0.15 -1.05 -0.00261100625172161
0 -1.05 -0.00380775234196451
0.15 -1.05 -0.00434578623179105
0.3 -1.05 -0.00491643924238683
0.45 -1.05 -0.00551961842115523
0.6 -1.05 -0.00615521730625657
0.75 -1.05 -0.00682311601622343
0.9 -1.05 -0.00752318135497243
1.05 -1.05 -0.00825526693201295
1.2 -1.05 -0.00901921329761135
1.35 -1.05 -0.00981484809263955
1.5 -1.05 -0.0106419862128038
1.65 -1.05 -0.0115004299869189
1.8 -1.05 -0.0123899693688615
1.95 -1.05 -0.0133103821428119
2.1 -1.05 -0.0142614341413601
2.25 -1.05 -0.0152428794760315
2.4 -1.05 -0.0162544607797612
2.55 -1.05 -0.0172959094608237
2.7 -1.05 -0.0183669459677015
2.85 -1.05 -0.0194672800643626
3 -1.05 -0.0205966111153921
-3 -0.9 -0.00308206056543381
-2.85 -0.9 -0.0020903055560656
-2.7 -0.9 -0.0011923917735136
-2.55 -0.9 -0.000390303658317381
-2.4 -0.9 0.000314065213722792
-2.25 -0.9 0.000918918922285017
-2.1 -0.9 0.00142256581784961
-1.95 -0.9 0.0018234249195167
-1.8 -0.9 0.0021200320533018
-1.65 -0.9 0.00231104568938179
-1.5 -0.9 0.00239525243768401
-1.35 -0.9 0.00237157216256612
-1.2 -0.9 0.00223906267911833
-1.05 -0.9 0.00199692399583551
-0.9 -0.9 0.00164450207103517
-0.75 -0.9 0.00118129205341533
-0.6 -0.9 0.00060694098053049
-0.45 -0.9 -7.87500873203895e-05
-0.3 -0.9 -0.00087582451629642
-0.15 -0.9 -0.00178416914555735
0 -0.9 -0.00280351394095757
0.15 -0.9 -0.00326768140955602
0.3 -0.9 -0.00376452482188416
0.45 -0.9 -0.00429396146460925
0.6 -0.9 -0.00485589508150297
0.75 -0.9 -0.00545021595600292
0.9 -0.9 -0.00607680100922914
1.05 -0.9 -0.00673551391326521
1.2 -0.9 -0.00742620521947501
1.35 -0.9 -0.00814871250159133
1.5 -0.9 -0.0089028605132877
1.65 -0.9 -0.0096884613599052
1.8 -0.9 -0.0105053146839793
1.95 -0.9 -0.0113532078641854
2.1 -0.9 -0.0122319162272889
2.25 -0.9 -0.0131412032726628
2.4 -0.9 -0.0140808209089118
2.55 -0.9 -0.0150505097021163
2.7 -0.9 -0.0160499991351888
2.85 -0.9 -0.017079007877819
3 -0.9 -0.01813724406646
-3 -0.75 -0.00570871127011341
-2.85 -0.75 -0.00455132591933849
-2.7 -0.75 -0.00348650043756349
-2.55 -0.75 -0.00251627678438582
-2.4 -0.75 -0.00164260860033039
-2.25 -0.75 -0.000867354340165161
-2.1 -0.75 -0.000192270570498421
-1.95 -0.75 0.000380994526150591
-1.8 -0.75 0.000850907398602163
-1.65 -0.75 0.00121605508379197
-1.5 -0.75 0.00147515083210048
-1.35 -0.75 0.00162703936154118
-1.2 -0.75 0.00167070170280459
-1.05 -0.75 0.00160525959929503
-0.9 -0.75 0.00142997942884115
-0.75 -0.75 0.00114427561671004
-0.6 -0.75 0.000747713512866954
-0.45 -0.75 0.000240011710081922
-0.3 -0.75 -0.000378956216569359
-0.15 -0.75 -0.00110916056405275
0 -0.75 -0.00195041496041193
0.15 -0.75 -0.00234042042746208
0.3 -0.75 -0.00276315169636066
0.45 -0.75 -0.00321853633801195
0.6 -0.75 -0.00370648834963205
0.75 -0.75 -0.00422690823021943
0.9 -0.75 -0.00477968307153787
1.05 -0.75 -0.00536468666442669
1.2 -0.75 -0.00598177962022206
1.35 -0.75 -0.00663080950703998
1.5 -0.75 -0.00731161100063726
1.65 -0.75 -0.00802400604953613
1.8 -0.75 -0.00876780405406841
1.95 -0.75 -0.00954280205896441
2.1 -0.75 -0.0103487849590838
2.25 -0.75 -0.0111855257178622
2.4 -0.75 -0.0120527855980164
2.55 -0.75 -0.0129503144040349
2.7 -0.75 -0.0138778507359507
2.85 -0.75 -0.0148351222538807
3 -0.75 -0.0158218459527923
-3 -0.6 -0.00849499789226893
-2.85 -0.6 -0.00717187108867101
-2.7 -0.6 -0.00593999973213388
-2.55 -0.6 -0.00480148298116767
-2.4 -0.6 -0.00375833424579419
-2.25 -0.6 -0.00281247424625175
-2.1 -0.6 -0.00196572422478747
-1.95 -0.6 -0.00121979935282335
-1.8 -0.6 -0.000576302375874582
-1.65 -0.6 -3.67175382871565e-05
-1.5 -0.6 0.000397595170889442
-1.35 -0.6 0.000725405410754609
-1.2 -0.6 0.000945617481610483
-1.05 -0.6 0.00105727488174734
-0.9 -0.6 0.00105956439395194
-0.75 -0.6 0.000951819670609866
-0.6 -0.6 0.000733524289514564
-0.45 -0.6 0.000404314256089333
-0.3 -0.6 -3.60200683727774e-05
-0.15 -0.6 -0.000587532628691045
0 -0.6 -0.00125012093986165
0.15 -0.6 -0.00156571599298783
0.3 -0.6 -0.00191407965747525
0.45 -0.6 -0.0022951498269268
0.6 -0.6 -0.00270885079336391
0.75 -0.6 -0.00315509331557862
0.9 -0.6 -0.00363377470304316
1.05 -0.6 -0.00414477891521292
1.2 -0.6 -0.00468797667601095
1.35 -0.6 -0.00526322560325876
1.5 -0.6 -0.00587037035278026
1.65 -0.6 -0.00650924277687326
1.8 -0.6 -0.00717966209681675
1.95 -0.6 -0.00788143508904748
2.1 -0.6 -0.00861435628461427
2.25 -0.6 -0.00937820818148971
2.4 -0.6 -0.0101727614692958
2.55 -0.6 -0.0109977752659733
2.7 -0.6 -0.011852997365904
2.85 -0.6 -0.0127381644989749
3 -0.6 -0.0136530026000535
-3 -0.45 -0.0114400193398864
-2.85 -0.45 -0.00995114945475695
-2.7 -0.45 -0.00855220826015102
-2.55 -0.45 -0.007245351753429
-2.4 -0.45 -0.00603265277740328
-2.25 -0.45 -0.0049160940058266
-2.1 -0.45 -0.0038975610707177
-1.95 -0.45 -0.00297883587389902
-1.8 -0.45 -0.00216159012529049
-1.65 -0.45 -0.00144737915028403
-1.5 -0.45 -0.000837636007855691
-1.35 -0.45 -0.000333665959989071
-1.2 -0.45 6.33586685553356e-05
-1.05 -0.45 0.000352403203046303
-0.9 -0.45 0.000532574869483882
-0.75 -0.45 0.000603126551306232
-0.6 -0.45 0.000563460023390361
-0.45 -0.45 0.000413128638165894
-0.3 -0.45 0.0001518394425013
-0.15 -0.45 -0.000220545291863661
0 -0.45 -0.000704007137234508
0.15 -0.45 -0.000944991334710155
0.3 -0.45 -0.00121877983403407
0.45 -0.45 -0.00152532088333746
0.6 -0.45 -0.00186454910421485
0.75 -0.45 -0.00223638555292727
0.9 -0.45 -0.00264073779721163
1.05 -0.45 -0.00307750000853868
1.2 -0.45 -0.00354655306962537
1.35 -0.45 -0.00404776469697288
1.5 -0.45 -0.00458098957816822
1.65 -0.45 -0.00514606952365837
1.8 -0.45 -0.00574283363267003
1.95 -0.45 -0.00637109847292217
2.1 -0.45 -0.00703066827374799
2.25 -0.45 -0.00772133513221618
2.4 -0.45 -0.00844287923181475
2.55 -0.45 -0.00919506907323875
2.7 -0.45 -0.00997766171679726
2.85 -0.45 -0.0107904030359351
3 -0.45 -0.0116330279813489
-3 -0.3 -0.014542555699818
-2.85 -0.3 -0.0128880511713013
-2.7 -0.3 -0.0113221270197564
-2.55 -0.3 -0.00984699568191272
-2.4 -0.3 -0.00846478905563564
-2.25 -0.3 -0.00717755141364451
-2.1 -0.3 -0.00598723244777433
-1.95 -0.3 -0.00489568048622968
-1.8 -0.3 -0.00390463592653734
-1.65 -0.3 -0.00301572492676394
-1.5 -0.3 -0.00223045339699612
-1.35 -0.3 -0.00155020133207151
-1.2 -0.3 -0.000976217525112677
-1.05 -0.3 -0.000509614699527483
-0.9 -0.3 -0.000151365094833489
-0.75 -0.3 9.77034610519789e-05
-0.6 -0.3 0.000236910963530068
-0.45 -0.3 0.000265728100977136
-0.3 -0.3 0.000183778560061465
-0.15 -0.3 -9.15925149413965e-06
0 -0.3 -0.000313151078623952
0.15 -0.3 -0.00047937260046016
0.3 -0.3 -0.000678426938896748
0.45 -0.3 -0.000910272721693195
0.6 -0.3 -0.00117485492808578
0.75 -0.3 -0.00147210494281724
0.9 -0.3 -0.00180194062581895
1.05 -0.3 -0.0021642663973962
1.2 -0.3 -0.00255897333873478
1.35 -0.3 -0.00298593930750857
1.5 -0.3 -0.00344502906834243
1.65 -0.3 -0.00393609443784426
1.8 -0.3 -0.00445897444389287
1.95 -0.3 -0.00501349549883878
2.1 -0.3 -0.00559947158624252
2.25 -0.3 -0.00621670446075107
2.4 -0.3 -0.00686498386068546
2.55 -0.3 -0.00754408773288717
2.7 -0.3 -0.00825378246934838
2.85 -0.3 -0.00899382315512975
3 -0.3 -0.0097639538270502
-3 -0.15 -0.0178010698304983
-2.85 -0.15 -0.0159811493865009
-2.7 -0.15 -0.014248440272336
-2.55 -0.15 -0.0126052109258391
-2.4 -0.15 -0.0110536518817453
-2.25 -0.15 -0.00959586861513473
-2.1 -0.15 -0.00823387450409341
-1.95 -0.15 -0.0069695839540963
-1.8 -0.15 -0.00580480572697395
-1.65 -0.15 -0.00474123651726344
-1.5 -0.15 -0.00378045481826816
-1.35 -0.15 -0.00292391511922951
-1.2 -0.15 -0.0021729424736594
-1.05 -0.15 -0.00152872747708499
-0.9 -0.15 -0.000992321690231002
-0.75 -0.15 -0.000564633541018322
-0.6 -0.15 -0.000246424735727335
-0.45 -0.15 -3.83072062677403e-05
-0.3 -0.15 5.92593832260402e-05
-0.15 -0.15 4.59695512783354e-05
0 -0.15 -7.83266795127968e-05
0.15 -0.15 -0.000169682822005357
0.3 -0.15 -0.000293893077410345
0.45 -0.15 -0.000450926471411206
0.6 -0.15 -0.000640738362171933
0.75 -0.15 -0.000863270487177492
0.9 -0.15 -0.00111845102576613
1.05 -0.15 -0.00140619467721681
1.2 -0.15 -0.00172640275422065
1.35 -0.15 -0.00207896329152857
1.5 -0.15 -0.00246375116953967
1.65 -0.15 -0.00288062825255253
1.8 -0.15 -0.00332944354138154
1.95 -0.15 -0.0038100333400003
2.1 -0.15 -0.00432222143585093
2.25 -0.15 -0.00486581929342622
2.4 -0.15 -0.00544062626070718
2.55 -0.15 -0.00604642978801451
2.7 -0.15 -0.0066830056588042
2.85 -0.15 -0.00735011823192189
3 -0.15 -0.00804752069480508
-3 0 -0.0212137107133293
-2.85 0 -0.0192287032295623
-2.7 0 -0.0173295181616927
-2.55 0 -0.0155184794723855
-2.4 0 -0.0137978358753374
-2.25 0 -0.0121697536100037
-2.1 0 -0.0106363093241725
-1.95 0 -0.0091994831069574
-1.8 0 -0.0078611517152033
-1.65 0 -0.00662308203634021
-1.5 0 -0.00548692483032209
-1.35 0 -0.0044542087924595
-1.2 0 -0.00352633497768762
-1.05 0 -0.00270457162509663
-0.9 0 -0.00199004941940895
-0.75 0 -0.0013837572235188
-0.6 0 -0.000886538313249252
-0.45 0 -0.000499087142144305
-0.3 0 -0.000221946660441064
-0.15 0 -5.55062084068858e-05
0 0 0
0.15 0 -1.64375099690472e-05
0.3 0 -6.57431822418397e-05
0.45 0 -0.000147896451860641
0.6 0 -0.000262863070363051
0.75 0 -0.000410595145417969
0.9 0 -0.000591031196192193
1.05 0 -0.000804096224319539
1.2 0 -0.0010497018003135
1.35 0 -0.00132774616522813
1.5 0 -0.00163811434733951
1.65 0 -0.00198067829358584
1.8 0 -0.00235529701547343
1.95 0 -0.00276181674912435
2.1 0 -0.0032000711291128
2.25 0 -0.00366988137570767
2.4 0 -0.00417105649511285
2.55 0 -0.00470339349227156
2.7 0 -0.00526667759577482
2.85 0 -0.00586068249439531
3 0 -0.00648517058474385
-3 0.15 -0.0227090492888185
-2.85 0.15 -0.0206554625574318
-2.7 0.15 -0.0186871103434063
-2.55 0.15 -0.0168063394986054
-2.4 0.15 -0.0150154227399047
-2.25 0.15 -0.0133165513960545
-2.1 0.15 -0.0117118282576407
-1.95 0.15 -0.0102032605727387
-1.8 0.15 -0.00879275323130335
-1.65 0.15 -0.00748210218142764
-1.5 0.15 -0.00627298812022647
-1.35 0.15 -0.00516697050132464
-1.2 0.15 -0.00416548189968768
-1.05 0.15 -0.00326982277286092
-0.9 0.15 -0.00248115665556936
-0.75 0.15 -0.00180050582210012
-0.6 0.15 -0.00122874744795365
-0.45 0.15 -0.000766610298941095
-0.3 0.15 -0.000414671972264413
-0.15 0.15 -0.000173356710160388
0 0.15 -4.29338025026427e-05
0.15 0.15 1.55538707028446e-05
0.3 0.15 4.11649522346069e-05
0.45 0.15 3.39095936551237e-05
0.6 0.15 -6.18835632193449e-06
0.75 0.15 -7.90913842574348e-05
0.9 0.15 -0.000184748360176457
1.05 0.15 -0.000323094601407226
1.2 0.15 -0.000494051951919983
1.35 0.15 -0.000697528876982489
1.5 0.15 -0.000933420572916011
1.65 0.15 -0.00120160909169964
1.8 0.15 -0.00150196348014131
1.95 0.15 -0.00183433993330229
2.1 0.15 -0.0021985819618302
2.25 0.15 -0.00259452057283005
2.4 0.15 -0.00302197446387198
2.55 0.15 -0.00348075022971261
2.7 0.15 -0.00397064258127688
2.85 0.15 -0.00449143457643142
3 0.15 -0.00504289786205225
-3 0.3 -0.0242871133712532
-2.85 0.3 -0.0221652125775168
-2.7 0.3 -0.0201279482275389
-2.55 0.3 -0.0181776897727585
-2.4 0.3 -0.016316733652313
-2.25 0.3 -0.0145472960129183
-2.1 0.3 -0.0128715055270918
-1.95 0.3 -0.0112913963523225
-1.8 0.3 -0.00980890127428291
-1.65 0.3 -0.00842584507729782
-1.5 0.3 -0.00714393818495074
-1.35 0.3 -0.0059647706129663
-1.2 0.3 -0.00488980627529956
-1.05 0.3 -0.00392037768273312
-0.9 0.3 -0.00305768107119875
-0.75 0.3 -0.00230277199454343
-0.6 0.3 -0.00165656141355708
-0.45 0.3 -0.0011198123097963
-0.3 0.3 -0.000693136849121645
-0.15 0.3 -0.000376994115936391
0 0.3 -0.000171688434939865
0.15 0.3 -3.83007989613882e-05
0.3 0.3 6.22057976364943e-05
0.45 0.3 0.000129831094313304
0.6 0.3 0.000164588539665389
0.75 0.3 0.000166505266211758
0.9 0.3 0.000135622049385886
1.05 0.3 7.1993250833069e-05
1.2 0.3 -2.43132538465529e-05
1.35 0.3 -0.000153216162739445
1.5 0.3 -0.000314620850436098
1.65 0.3 -0.000508419485787392
1.8 0.3 -0.00073449116432478
1.95 0.3 -0.000992702055044203
2.1 0.3 -0.00128290556121846
2.25 0.3 -0.00160494249487531
2.4 0.3 -0.00195864126455103
2.55 0.3 -0.00234381807590456
2.7 0.3 -0.00276027714474902
2.85 0.3 -0.00320781092203648
3 0.3 -0.00368620033031031
-3 0.45 -0.0259472400013367
-2.85 0.45 -0.0237573148419798
-2.7 0.45 -0.0216514181059099
-2.55 0.45 -0.0196319415466312
-2.4 0.45 -0.0177012050363189
-2.25 0.45 -0.0158614492596109
-2.1 0.45 -0.014114828500978
-1.95 0.45 -0.012463403568278
-1.8 0.45 -0.0109091348956387
-1.65 0.45 -0.00945387586896185
-1.5 0.45 -0.00809936641704623
-1.35 0.45 -0.00684722691061901
-1.2 0.45 -0.00569895241040441
-1.05 0.45 -0.00465590730374876
-0.9 0.45 -0.00371932036728406
-0.75 0.45 -0.00289028029064675
-0.6 0.45 -0.0021697316933883
-0.45 0.45 -0.00155847166397116
-0.3 0.45 -0.00105714684614544
-0.15 0.45 -0.000666251094093462
0 0.45 -0.000386123713576936
0.15 0.45 -0.000177888498852363
0.3 0.45 -2.53479227274589e-06
0.45 0.45 0.000139926738589646
0.6 0.45 0.000249499145620447
0.75 0.45 0.000326199182161591
0.9 0.45 0.000370057269185264
1.05 0.45 0.000381117445730994
1.2 0.45 0.000359437303735222
1.35 0.45 0.000305087907413015
1.5 0.45 0.000218153697386203
1.65 0.45 9.87323797870809e-05
1.8 0.45 -5.30651993981834e-05
1.95 0.45 -0.000237115194459681
2.1 0.45 -0.000453280914237242
2.25 0.45 -0.000701412990188444
2.4 0.45 -0.000981349557868549
2.55 0.45 -0.00129291645141694
2.7 0.45 -0.0016359274106128
2.85 0.45 -0.00201018430004984
3 0.45 -0.0024154773399454
-3 0.6 -0.0276886779285209
-2.85 0.6 -0.0254310422610772
-2.7 0.6 -0.0232568172882661
-2.55 0.6 -0.0211684167605926
-2.4 0.6 -0.0191681836860655
-2.25 0.6 -0.0172583829988056
-2.1 0.6 -0.0154411943164526
-1.95 0.6 -0.0137187048289863
-1.8 0.6 -0.0120929023621436
-1.65 0.6 -0.0105656686587936
-1.5 0.6 -0.00913877292138932
-1.35 0.6 -0.00781386565792508
-1.2 0.6 -0.00659247287271836
-1.05 0.6 -0.00547599064175719
-0.9 0.6 -0.00446568011035076
-0.75 0.6 -0.00356266294838914
-0.6 0.6 -0.0027679172956715
-0.45 0.6 -0.00208227422654839
-0.3 0.6 -0.0015064147595415
-0.15 0.6 -0.00104086743373855
0 0.6 -0.000686006469602818
0.15 0.6 -0.000403003127388502
0.3 0.6 -0.000152877790185246
0.45 0.6 6.43484762414825e-05
0.6 0.6 0.000248668334240087
0.75 0.6 0.000400088163482359
0.9 0.6 0.000518628034316126
1.05 0.6 0.000604321665344743
1.2 0.6 0.000657216365345659
1.35 0.6 0.000677372959678957
1.5 0.6 0.000664865701368256
1.65 0.6 0.000619782167073812
1.8 0.6 0.000542223138207398
1.95 0.6 0.000432302467470613
2.1 0.6 0.000290146931132829
2.25 0.6 0.00011589606738871
2.4 0.6 -9.02979988300912e-05
2.55 0.6 -0.000328270744193726
2.7 0.6 -0.000597845448036427
2.85 0.6 -0.000898833405695076
3 0.6 -0.00123103415365433
-3 0.75 -0.0295105892391154
-2.85 0.75 -0.0271855806885328
-2.7 0.75 -0.0249433556444547
-2.55 0.75 -0.0227863495421151
-2.4 0.75 -0.0207169282205146
-2.25 0.75 -0.0187373805667503
-2.1 0.75 -0.0168499112443641
-1.95 0.75 -0.0150566335483211
-1.8 0.75 -0.0133595624298337
-1.65 0.75 -0.0117606077344642
-1.5 0.75 -0.0102615676967257
-1.35 0.75 -0.00886412273376236
-1.2 0.75 -0.00756982957960006
-1.05 0.75 -0.00638011579992703
-0.9 0.75 -0.0052962747254004
-0.75 0.75 -0.00431946083905776
-0.6 0.75 -0.00345068565062512
-0.45 0.75 -0.00269081408729832
-0.3 0.75 -0.00204056142704667
-0.15 0.75 -0.00150049079662051
0 0.75 -0.00107101125232745
0.15 0.75 -0.000713346155942318
0.3 0.75 -0.000388551600877918
0.45 0.75 -9.665903850542e-05
0.6 0.75 0.000162313814912163
0.75 0.75 0.000388362974630851
0.9 0.75 0.000581498167957606
1.05 0.75 0.000741742798966993
1.2 0.75 0.000869133897511531
1.35 0.75 0.000963722052656713
1.5 0.75 0.00102557133072112
1.65 0.75 0.00105475917812237
1.8 0.75 0.00105137630927343
1.95 0.75 0.00101552657979798
2.1 0.75 0.000947326845370577
2.25 0.75 0.000846906806515224
2.4 0.75 0.000714408839720737
2.55 0.75 0.000549987815268493
2.7 0.75 0.000353810902182006
2.85 0.75 0.000126057360743115
3 0.75 -0.000133081676965685
-3 0.9 -0.0314120512395755
-2.85 0.9 -0.0290200307634301
-2.7 0.9 -0.0267101574044264
-2.55 0.9 -0.024484887963409
-2.4 0.9 -0.0223466107982407
-2.25 0.9 -0.0202976384447683
-2.1 0.9 -0.0183402003170217
-1.95 0.9 -0.0164764355292497
-1.8 0.9 -0.0147083858830381
-1.65 0.9 -0.0130379890630022
-1.5 0.9 -0.0114670720843818
-1.35 0.9 -0.00999734503525018
-1.2 0.9 -0.00863039515500763
-1.05 0.9 -0.00736768128933163
-0.9 0.9 -0.00621052875982098
-0.75 0.9 -0.00516012468420224
-0.6 0.9 -0.00421751378019297
-0.45 0.9 -0.0033835946829508
-0.3 0.9 -0.00265911680251785
-0.15 0.9 -0.00204467774384054
0 0.9 -0.001540721307836
0.15 0.9 -0.00110852755933699
0.3 0.9 -0.000709192943513681
0.45 0.9 -0.000342759281029226
0.6 0.9 -9.25465210555032e-06
0.75 0.9 0.000291306607082098
0.9 0.9 0.000558923892107877
1.05 0.9 0.000793610302147529
1.2 0.9 0.00099539259607484
1.35 0.9 0.00116431113292625
1.5 0.9 0.00130041979689843
1.65 0.9 0.00140378590707302
1.8 0.9 0.00147449011209777
1.95 0.9 0.00151262627008697
2.1 0.9 0.00151830131403397
2.25 0.9 0.00149163510305794
2.4 0.9 0.00143276025984163
2.55 0.9 0.00134182199463451
2.7 0.9 0.00121897791623315
2.85 0.9 0.00106439783036993
3 0.9 0.000878263525961431
-3 1.05 -0.0333920585855195
-2.85 1.05 -0.0309334099993407
-2.7 1.05 -0.0285562632069559
-2.55 1.05 -0.0262630960492253
-2.4 1.05 -0.0240563190838209
-2.25 1.05 -0.0219382681837484
-2.1 1.05 -0.0199111972103132
-1.95 1.05 -0.0179772708031226
-1.8 1.05 -0.0161385573303914
-1.65 1.05 -0.0143970220431057
-1.5 1.05 -0.0127545204764623
-1.35 1.05 -0.0112127921414337
-1.2 1.05 -0.00977345454829492
-1.05 1.05 -0.0084379976024942
-0.9 1.05 -0.00720777841134301
-0.75 1.05 -0.00608401653767499
-0.6 1.05 -0.00506778973387123
-0.45 1.05 -0.00416003018652278
-0.3 1.05 -0.00336152129850409
-0.15 1.05 -0.00267289503142631
0 1.05 -0.00209462982734954
0.15 1.05 -0.00158806701686465
0.3 1.05 -0.00111434800526478
0.45 1.05 -0.000673524962496841
0.6 1.05 -0.000265636314391027
0.75 1.05 0.00010929326813125
0.9 1.05 0.000451252863920559
1.05 1.05 0.000760245280580274
1.2 1.05 0.00103628701764402
1.35 1.05 0.0012794082140678
1.5 1.05 0.00148965258018297
1.65 1.05 0.0016670773143006
1.8 1.05 0.00181175300418102
1.95 1.05 0.00192376351362433
2.1 1.05 0.00200320585445957
2.25 1.05 0.00205019004425255
2.4 1.05 0.00206483895007104
2.55 1.05 0.00204728811867927
2.7 1.05 0.00199768559356261
2.85 1.05 0.00191619171920288
3 1.05 0.00180297893305181
-3 1.2 -0.035449525645643
-2.85 1.2 -0.0329246551100126
-2.7 1.2 -0.0304806323865623
-2.55 1.2 -0.0281199560244737
-2.4 1.2 -0.0258450584556269
-2.25 1.2 -0.0236582985715995
-2.1 1.2 -0.0215619543703216
-1.95 1.2 -0.019558215714961
-1.8 1.2 -0.0176491772483218
-1.65 1.2 -0.0158368315063662
-1.5 1.2 -0.0141230622743668
-1.35 1.2 -0.0125096382286652
-1.2 1.2 -0.0109982069060416
-1.05 1.2 -0.00959028904127324
-0.9 1.2 -0.00828727331159951
-0.75 1.2 -0.00709041152451051
-0.6 1.2 -0.00600081428256405
-0.45 1.2 -0.00501944715583225
-0.3 1.2 -0.0041471273891166
-0.15 1.2 -0.00338452116728061
0 1.2 -0.00273214145799283
0.15 1.2 -0.00215139537671682
0.3 1.2 -0.00160347385934256
0.45 1.2 -0.00108843940143755
0.6 1.2 -0.000606340752424606
0.75 1.2 -0.000157212897620274
0.9 1.2 0.000258922943779494
1.05 1.2 0.00064205930479877
1.2 1.2 0.000992202440934009
1.35 1.2 0.00130937228466488
1.5 1.2 0.00159360238436224
1.65 1.2 0.00184493982776912
1.8 1.2 0.00206344515025991
1.95 1.2 0.00224919222812037
2.1 1.2 0.00240226815712219
2.25 1.2 0.00252277311669424
2.4 1.2 0.00261082022002523
2.55 1.2 0.00266653535045924
2.7 1.2 0.00269005698457525
2.85 1.2 0.00268153600236354
3 1.2 0.00264113548493961
-3 1.35 -0.0375832890884115
-2.85 1.35 -0.0349926245596474
-2.7 1.35 -0.0324821454868049
-2.55 1.35 -0.0300543707899832
-2.4 1.35 -0.0277117544435018
-2.25 1.35 -0.0254566780323049
-2.1 1.35 -0.0232914433732303
-1.95 1.35 -0.0212182652437004
-1.8 1.35 -0.0192392642611272
-1.65 1.35 -0.0173564599566896
-1.5 1.35 -0.0155717640870774
-1.35 1.35 -0.0138869742272978
-1.2 1.35 -0.0123037676867076
-1.05 1.35 -0.0108236957890486
-0.9 1.35 -0.00944817855543156
-0.75 1.35 -0.00817849982695484
-0.6 1.35 -0.00701580286096215
-0.45 1.35 -0.00596108643186843
-0.3 1.35 -0.0050152014640511
-0.15 1.35 -0.00417884822053871
0 1.35 -0.00345257406719068
0.15 1.35 -0.00279785637523844
0.3 1.35 -0.00217594013903444
0.45 1.35 -0.00158689815248991
0.6 1.35 -0.00103078946298585
0.75 1.35 -0.000507659346255851
0.9 1.35 -1.75392972350252e-05
1.05 1.35 0.000439552963144463
1.2 1.35 0.00086361346527164
1.35 1.35 0.00125465195237895
1.5 1.35 0.00161269182639845
1.65 1.35 0.00193777007831453
1.8 1.35 0.00222993720321107
1.95 1.35 0.00248925710024295
2.1 1.35 0.00271580695779461
2.25 1.35 0.00290967712411982
2.4 1.35 0.00307097096378817
2.55 1.35 0.00319980470028813
2.7 1.35 0.0032963072451716
2.85 1.35 0.00336062001414217
3 1.35 0.00339289673052268
-3 1.5 -0.0397921106782361
-2.85 1.5 -0.0371361013246018
-2.7 1.5 -0.0345596069869303
-2.55 1.5 -0.0320651666135153
-2.4 1.5 -0.0296552553835734
-2.25 1.5 -0.0273322772439756
-2.1 1.5 -0.0250985575060657
-1.95 1.5 -0.0229563355450811
-1.8 1.5 -0.0209077576454849
-1.65 1.5 -0.0189548700359076
-1.5 1.5 -0.0170996121573702
-1.35 1.5 -0.0153438102080045
-1.2 1.5 -0.0136891710065858
-1.05 1.5 -0.0121372762158458
-0.9 1.5 -0.0106895769647402
-0.75 1.5 -0.00934738890661657
-0.6 1.5 -0.00811188774758165
-0.45 1.5 -0.00698410527632509
-0.3 1.5 -0.00596492592324549
-0.15 1.5 -0.00505508387299425
0 1.5 -0.00425516075052634
0.15 1.5 -0.00352670860101267
0.3 1.5 -0.00283103095792769
0.45 1.5 -0.00216821088268737
0.6 1.5 -0.00153831769142287
0.75 1.5 -0.000941406922727261
0.9 1.5 -0.000377520321384051
1.05 1.5 0.000153314161929541
1.2 1.5 0.000651082355011989
1.35 1.5 0.00111578383266175
1.5 1.5 0.00154743186947215
1.65 1.5 0.00194605337705056
1.8 1.5 0.00231168882584876
1.95 1.5 0.00264439215182188
2.1 1.5 0.00294423064817184
2.25 1.5 0.00321128484245725
2.4 1.5 0.00344564835938577
2.55 1.5 0.00364742776963101
2.7 1.5 0.00381674242504881
2.85 1.5 0.00395372428068752
3 1.5 0.00405851770401788
-3 1.65 -0.0420746802667719
-2.85 1.65 -0.0393537958522786
-2.7 1.65 -0.036711748227753
-2.55 1.65 -0.0341510960220449
-2.4 1.65 -0.0316743352763437
-2.25 1.65 -0.0292838919621717
-2.1 1.65 -0.0269821145546786
-1.95 1.65 -0.0247712667037268
-1.8 1.65 -0.0226535200460768
-1.65 1.65 -0.0206309472024073
-1.5 1.65 -0.0187055150029179
-1.35 1.65 -0.0168790779848385
-1.2 1.65 -0.0151533722043135
-1.05 1.65 -0.01353000940381
-0.9 1.65 -0.0120104715744483
-0.75 1.65 -0.0105961059504572
-0.6 1.65 -0.00928812047034144
-0.45 1.65 -0.00808757973634011
-0.3 1.65 -0.00699540150037181
-0.15 1.65 -0.0060123537009551
0 1.65 -0.00513905207159193
0.15 1.65 -0.00433712769247629
0.3 1.65 -0.0035679470651917
0.45 1.65 -0.00283160348431299
0.6 1.65 -0.00212817650199604
0.75 1.65 -0.00145773188860843
0.9 1.65 -0.000820321609356522
1.05 1.65 -0.0002159838169149
1.2 1.65 0.000355257139981413
1.35 1.65 0.000893390692048857
1.5 1.65 0.00139842000917811
1.65 1.65 0.00187036194451162
1.8 1.65 0.00230924696304813
1.95 1.65 0.00271511905498611
2.1 1.65 0.00308803563404869
2.25 1.65 0.00342806742106205
2.4 1.65 0.00373529831309516
2.55 1.65 0.00400982523849347
2.7 1.65 0.00425175799817179
2.85 1.65 0.00446121909355301
3 1.65 0.00463834354157111
-3 1.8 -0.0444296189640433
-2.85 1.8 -0.041644349202013
-2.7 1.8 -0.0389372305216933
-2.55 1.8 -0.0363108408803364
-2.4 1.8 -0.0337676968332068
-2.25 1.8 -0.0313102460337613
-2.1 1.8 -0.0289408597843548
-1.95 1.8 -0.0266618256799259
-1.8 1.8 -0.0244753403879665
-1.65 1.8 -0.0223835026085423
-1.5 1.8 -0.0203883062581811
-1.35 1.8 -0.0184916339210625
-1.2 1.8 -0.0166952506101121
-1.05 1.8 -0.0150007978793388
-0.9 1.8 -0.0134097883270244
-0.75 1.8 -0.0119236005272192
-0.6 1.8 -0.0105434744244214
-0.45 1.8 -0.00927050722332734
-0.3 1.8 -0.00810564980220208
-0.15 1.8 -0.00704970367472246
0 1.8 -0.00610331852117596
0.15 1.8 -0.00522820875656449
0.3 1.8 -0.0043858082235716
0.45 1.8 -0.00357622041214034
0.6 1.8 -0.00279953507426789
0.75 1.8 -0.00205582817754257
0.9 1.8 -0.00134516187469147
1.05 1.8 -0.000667584489154605
1.2 1.8 -2.31305166574769e-05
1.35 1.8 0.000588179357273511
1.5 1.8 0.0011663382239494
1.65 1.8 0.00171135290244095
1.8 1.8 0.0022232438749501
1.95 1.8 0.00270204520682971
2.1 1.8 0.00314780445148388
2.25 1.8 0.00356058254041225
2.4 1.8 0.00394045365869655
2.55 1.8 0.00428750510625076
2.7 1.8 0.00460183714519369
2.85 1.8 0.00488356283372082
3 1.8 0.0051328078468863
-3 1.95 -0.046855482473296
-2.85 1.95 -0.0440063363519504
-2.7 1.95 -0.041234648431056
-2.55 1.95 -0.0385430156400088
-2.4 1.95 -0.0359339746956792
-2.25 1.95 -0.0334099945857067
-2.1 1.95 -0.0309734690975522
-1.95 1.95 -0.028626709435721
-1.8 1.95 -0.0263719369704504
-1.65 1.95 -0.0242112761616601
-1.5 1.95 -0.0221467477020421
-1.35 1.95 -0.0201802619228239
-1.2 1.95 -0.0183136125049513
-1.05 1.95 -0.0165484705371963
-0.9 1.95 -0.0148863789610167
-0.75 1.95 -0.0133287474398661
-0.6 1.95 -0.011876847688109
-0.45 1.95 -0.0105318092917466
-0.3 1.95 -0.00929461604983406
-0.15 1.95 -0.0081661028618174
0 1.95 -0.00714695318205727
0.15 1.95 -0.00619896899479877
0.3 1.95 -0.00528365579665213
0.45 1.95 -0.00440112723176089
0.6 1.95 -0.00355148321238707
0.75 1.95 -0.00273480986538066
0.9 1.95 -0.00195117949467327
1.05 1.95 -0.00120065055981566
1.2 1.95 -0.000483267670552956
1.35 1.95 0.000200938402615702
1.5 1.95 0.00085195070197519
1.65 1.95 0.00146976604034732
1.8 1.95 0.00205439494321846
1.95 1.95 0.00260586157542408
2.1 1.95 0.00312420365261834
2.25 1.95 0.00360947233777908
2.4 1.95 0.00406173212303551
2.55 1.95 0.00448106069713572
2.7 1.95 0.00486754879889717
2.85 1.95 0.00522130005701615
3 1.95 0.00554243081663219
-3 2.1 -0.0493507645728035
-2.85 2.1 -0.0464382696552222
-2.7 2.1 -0.0436025331979459
-2.55 2.1 -0.0408461707425578
-2.4 2.1 -0.0381717388109044
-2.25 2.1 -0.0355817273724298
-2.1 2.1 -0.0330785523525091
-1.95 2.1 -0.0306645482241454
-1.8 2.1 -0.0283419607263171
-1.65 2.1 -0.0261129397527876
-1.5 2.1 -0.0239795324553206
-1.35 2.1 -0.021943676604922
-1.2 2.1 -0.0200071942539943
-1.05 2.1 -0.0181717857410729
-0.9 2.1 -0.0164390240781807
-0.75 2.1 -0.0148103497587379
-0.6 2.1 -0.0132870660214609
-0.45 2.1 -0.0118703346027572
-0.3 2.1 -0.0105611720068405
-0.15 2.1 -0.00936044631914845
0 2.1 -0.00826887458472569
0.15 2.1 -0.0072483505222698
0.3 2.1 -0.00626045553097521
0.45 2.1 -0.00530531336471329
0.6 2.1 -0.00438303405311224
0.75 2.1 -0.00349371384099062
0.9 2.1 -0.00263743514381831
1.05 2.1 -0.00181426651924754
1.2 2.1 -0.00102426265470801
1.35 2.1 -0.000267464371032866
1.5 2.1 0.000456101357959926
1.65 2.1 0.00114642137003707
1.8 2.1 0.00180349626341714
1.95 2.1 0.00242734033011072
2.1 2.1 0.00301798147394761
2.25 2.1 0.0035754611135338
2.4 2.1 0.00409983407041692
2.55 2.1 0.00459116844276453
2.7 2.1 0.005049545464894
2.85 2.1 0.00547505935301718
3 2.1 0.00586781713759044
-3 2.25 -0.0519139007273355
-2.85 2.25 -0.0489386024281879
-2.7 2.25 -0.0460393563086476
-2.55 2.25 -0.0432187961592401
-2.4 2.25 -0.0404794979464081
-2.25 2.25 -0.0378239722648065
-2.1 2.25 -0.0352546568258476
-1.95 2.25 -0.0327739090248153
-1.8 2.25 -0.0303839986298071
-1.65 2.25 -0.0280871006363452
-1.5 2.25 -0.0258852883316388
-1.35 2.25 -0.0237805266122229
-1.2 2.25 -0.0217746655979736
-1.05 2.25 -0.0198694345843433
-0.9 2.25 -0.0180664363730462
-0.75 2.25 -0.0163671420193719
-0.6 2.25 -0.0147728860318262
-0.45 2.25 -0.013284862056915
-0.3 2.25 -0.0119041190786188
-0.15 2.25 -0.0106315581585075
0 2.25 -0.00946792973853328
0.15 2.25 -0.00837522336413332
0.3 2.25 -0.00731510051774686
0.45 2.25 -0.00628769501527005
0.6 2.25 -0.00529312695755413
0.75 2.25 -0.00433150266282956
0.9 2.25 -0.00340291461516629
1.05 2.25 -0.00250744142902048
1.2 2.25 -0.00164514782987812
1.35 2.25 -0.000816084650967164
1.5 2.25 -2.02888459798212e-05
1.65 2.25 0.000742216482294888
1.8 2.25 0.00147142203756245
1.95 2.25 0.00216733227000354
2.1 2.25 0.00282996530084578
2.25 2.25 0.00345935283176491
2.4 2.25 0.00405554003937791
2.55 2.25 0.00461858545512661
2.7 2.25 0.00514856083088344
2.85 2.25 0.00564555099062869
3 2.25 0.00610965366858818
-3 2.4 -0.0545432718116005
-2.85 2.4 -0.0515057326531079
-2.7 2.4 -0.0485435331748894
-2.55 2.4 -0.0456593250502901
-2.4 2.4 -0.0428557033266297
-2.25 2.4 -0.0401351988633741
-2.1 2.4 -0.0375002708018258
-1.95 2.4 -0.0349532991085904
-1.8 2.4 -0.0324965772360576
-1.65 2.4 -0.0301323049437486
-1.5 2.4 -0.0278625813245631
-1.35 2.4 -0.0256893980797293
-1.2 2.4 -0.0236146330855849
-1.05 2.4 -0.0216400442941874
-0.9 2.4 -0.0197672640081809
-0.75 2.4 -0.0179977935683284
-0.6 2.4 -0.0163329984896727
-0.45 2.4 -0.0147741040794395
-0.3 2.4 -0.0133221915665594
-0.15 2.4 -0.0119781947691099
0 2.4 -0.010742897322094
0.15 2.4 -0.00957838861354576
0.3 2.4 -0.00844641431816118
0.45 2.4 -0.00734711826301315
0.6 2.4 -0.0062806305708667
0.75 2.4 -0.00524706758562565
0.9 2.4 -0.00424653181382262
1.05 2.4 -0.00327911188221208
1.2 2.4 -0.00234488251148635
1.35 2.4 -0.00144390450610132
1.5 2.4 -0.00057622476016117
1.65 2.4 0.000258123720727088
1.8 2.4 0.00105912178174883
1.95 2.4 0.00182676406548632
2.1 2.4 0.0025610589430235
2.25 2.4 0.0032620284297753
2.4 2.4 0.00392970808629933
2.55 2.4 0.0045641469043789
2.7 2.4 0.00516540717869551
2.85 2.4 0.00573356436443639
3 2.4 0.00626870692121728
-3 2.55 -0.0572372079277406
-2.85 2.55 -0.0541380067773556
-2.7 2.55 -0.0511134269141363
-2.55 2.55 -0.0481661375256541
-2.4 2.55 -0.0452987523734558
-2.25 2.55 -0.0425138222180272
-2.1 2.55 -0.0398138272705537
-1.95 2.55 -0.0372011697136749
-1.8 2.55 -0.0346781663344484
-1.65 2.55 -0.0322470413133735
-1.5 2.55 -0.029909919213557
-1.35 2.55 -0.0276688182139014
-1.2 2.55 -0.0255256436295587
-1.05 2.55 -0.0234821817618038
-0.9 2.55 -0.0215400941179432
-0.75 2.55 -0.019700912039893
-0.6 2.55 -0.0179660317776523
-0.45 2.55 -0.016336710041075
-0.3 2.55 -0.0148140600601404
-0.15 2.55 -0.0133990481803745
0 2.55 -0.0120924910162118
0.15 2.55 -0.0108565817343985
0.3 2.55 -0.00965315423579449
0.45 2.55 -0.00848236230474098
0.6 2.55 -0.00734434603352552
0.75 2.55 -0.0062392317408877
0.9 2.55 -0.0051671319065707
1.05 2.55 -0.00412814512199056
1.2 2.55 -0.00312235605705546
1.35 2.55 -0.00214983544313085
1.5 2.55 -0.00121064007211102
1.65 2.55 -0.000304812811520172
1.8 2.55 0.000567617364466422
1.95 2.55 0.00140663532823349
2.1 2.55 0.0022122397363441
2.25 2.55 0.0029844429517849
2.4 2.55 0.00372327095108371
2.55 2.55 0.00442876321658003
2.7 2.55 0.00510097261415754
2.85 2.55 0.00573996525677589
3 2.55 0.00634582035417341
-3 2.7 -0.0599939922988446
-2.85 2.7 -0.0568337235911563
-2.7 2.7 -0.0537473522109194
-2.55 2.7 -0.0507375644892718
-2.4 2.7 -0.0478069925328175
-2.25 2.7 -0.0449582066362877
-2.1 2.7 -0.0421937077172947
-1.95 2.7 -0.0395159198153104
-1.8 2.7 -0.036927182698051
-1.65 2.7 -0.0344297446191191
-1.5 2.7 -0.0320257552710278
-1.35 2.7 -0.0297172589775547
-1.2 2.7 -0.0275061881687854
-1.05 2.7 -0.0253943571811432
-0.9 2.7 -0.0233834564232108
-0.75 2.7 -0.021475046946195
-0.6 2.7 -0.0196705554555155
-0.45 2.7 -0.0179712697972106
-0.3 2.7 -0.0163783349496763
-0.15 2.7 -0.014892749547736
0 2.7 -0.0135153629622026
0.15 2.7 -0.0122084759917994
0.3 2.7 -0.0109340147190875
0.45 2.7 -0.00969214282879782
0.6 2.7 -0.00848301032735777
0.75 2.7 -0.00730675345449261
0.9 2.7 -0.0061634946108734
1.05 2.7 -0.0050533423018968
1.2 2.7 -0.00397639109763714
1.35 2.7 -0.00293272160898073
1.5 2.7 -0.00192240047991155
1.65 2.7 -0.000945480395884934
1.8 2.7 -2.00010818485197e-06
1.95 2.7 0.0009080155258685
2.1 2.7 0.00178455548703482
2.25 2.7 0.00262762252279669
2.4 2.7 0.00343723306076937
2.55 2.7 0.00421341710714562
2.7 2.7 0.0049562181304782
2.85 2.7 0.00566569293112873
3 2.7 0.00634191149674279
-3 2.85 -0.0628118652204881
-2.85 2.85 -0.059591138165862
-2.7 2.85 -0.0564435792412173
-2.55 2.85 -0.053371891548934
-2.4 2.85 -0.0503787251693858
-2.25 2.85 -0.0474666695622006
-2.1 2.85 -0.0446382459849252
-1.95 2.85 -0.0418958999711569
-1.8 2.85 -0.0392419939112874
-1.65 2.85 -0.0366787997797082
-1.5 2.85 -0.034208492052629
-1.35 2.85 -0.0318331408605325
-1.2 2.85 -0.0295547054187251
-1.05 2.85 -0.0273750277784287
-0.9 2.85 -0.0252958269393925
-0.75 2.85 -0.0233186933630942
-0.6 2.85 -0.0214450839232642
-0.45 2.85 -0.0196763173277017
-0.3 2.85 -0.0180135700422178
-0.15 2.85 -0.016457872744042
0 2.85 -0.0150101073282197
0.15 2.85 -0.0136326859929612
0.3 2.85 -0.0122876308766365
0.45 2.85 -0.0109751155046103
0.6 2.85 -0.00969529973916783
0.75 2.85 -0.00844832968424869
0.9 2.85 -0.00723433760623005
1.05 2.85 -0.00605344187085022
1.2 2.85 -0.00490574689632794
1.35 2.85 -0.00379134312269735
1.5 2.85 -0.00271030699733688
1.65 2.85 -0.0016627009766409
1.8 2.85 -0.000648573543741926
1.95 2.85 0.000332040757843322
2.1 2.85 0.00127912127480523
2.25 2.85 0.00219266117906392
2.4 2.85 0.00307266738745393
2.55 2.85 0.00391916046632979
2.7 2.85 0.00473217452138552
2.85 2.85 0.00551175707300988
3 2.85 0.00625796891752783
-3 3 -0.065689028052461
-2.85 3 -0.062408465834919
-2.7 3 -0.0592003376420428
-2.55 3 -0.0560673629738599
-2.4 3 -0.053012209511512
-2.25 3 -0.0500374855080044
-2.1 3 -0.0471457321916953
-1.95 3 -0.0443394162245064
-1.8 3 -0.0416209222579622
-1.65 3 -0.0389925456308968
-1.5 3 -0.0364564852530096
-1.35 3 -0.0340148367183546
-1.2 3 -0.0316695856923243
-1.05 3 -0.0294226016147092
-0.9 3 -0.0272756317599884
-0.75 3 -0.0252302956941294
-0.6 3 -0.0232880801648729
-0.45 3 -0.0214503344597538
-0.3 3 -0.0197182662629977
-0.15 3 -0.0180929380389686
0 3 -0.0165752639660557
0.15 3 -0.0151277713210182
0.3 3 -0.0137125820878574
0.45 3 -0.0123298795700372
0.6 3 -0.0109798334246131
0.75 3 -0.00966259956014193
0.9 3 -0.00837832005063777
1.05 3 -0.00712712306567664
1.2 3 -0.0059091228167194
1.35 3 -0.00472441951967828
1.5 3 -0.00357309937372197
1.65 3 -0.00245523455627528
1.8 3 -0.00137088323413181
1.95 3 -0.000320089590564177
2.1 3 0.000697116131718967
2.25 3 0.00168071757195531
2.4 3 0.00263071217726885
2.55 3 0.00354711111341954
2.7 3 0.00442993916064705
2.85 3 0.00527923459491819
3 3 0.00609504905492608
